3 16 103
4 18 101
5 17 102
6 19 100
7 20 99
8 21 98
9 22 97
10 23 96
11 24 95
12 25 94
13 26 93
14 27 92
15 28 91
16 29 90
17 30 89
18 31 88
19 32 87
20 33 86
21 34 85
22 35 84
23 36 83
24 37 82
25 38 81
26 39 80
27 40 79
28 41 78
29 42 77
30 43 76
31 44 75
32 45 74
33 46 73
34 47 72
35 48 71
36 49 70
37 50 69
38 51 68
39 52 67
40 53 66
41 54 65
42 55 64
43 56 63
44 57 62
45 58 61
46 59 60
47 60 59
48 61 58
49 62 57
50 63 56
51 64 55
52 65 54
53 66 53
54 67 52
55 68 51
56 69 50
57 70 49
58 71 48
59 72 47
60 73 46
61 74 45
62 75 44
63 76 43
64 77 42
65 78 41
66 79 40
67 80 39
68 81 38
69 82 37
70 83 36
71 84 35
72 85 34
73 86 33
74 87 32
75 88 31
76 89 30
77 90 29
78 91 28
79 92 27
80 93 26
81 94 25
82 95 24
83 96 23
84 97 22
85 98 21
86 99 20
87 100 19
88 101 18
89 102 17
90 103 16
91 104 15
92 105 14
93 106 13
94 107 12
95 108 11
96 109 10
97 110 9
98 111 8
99 112 7
100 113 6
101 114 5
102 115 4